
ans =

   15.1821

