
ans =

   14.8844

